Best Parameters for Top-100 MRE: alpha_s=-5.0, alpha_l=-4.0 (MRE: 0.7083)

 alpha_s |  alpha_l |  Top-100 MRE |  Overall MRE
--------------------------------------------------
    -2.0 |     -2.0 |       0.7156 |       0.2853
    -2.0 |     -3.0 |       0.7124 |       0.3194
    -2.0 |     -4.0 |       0.7113 |       0.3437
    -2.0 |     -5.0 |       0.7111 |       0.3600
    -3.0 |     -2.0 |       0.7136 |       0.2926
    -3.0 |     -3.0 |       0.7109 |       0.3244
    -3.0 |     -4.0 |       0.7101 |       0.3474
    -3.0 |     -5.0 |       0.7102 |       0.3632
    -4.0 |     -2.0 |       0.7118 |       0.2997
    -4.0 |     -3.0 |       0.7097 |       0.3292
    -4.0 |     -4.0 |       0.7091 |       0.3511
    -4.0 |     -5.0 |       0.7095 |       0.3664
    -5.0 |     -2.0 |       0.7104 |       0.3065
    -5.0 |     -3.0 |       0.7086 |       0.3339
    -5.0 |     -4.0 |       0.7083 |       0.3546
    -5.0 |     -5.0 |       0.7088 |       0.3696
